102
Object/19.png
416.622
1201
512
14
0.0342276
-60.5319
Object/3.png
1557
-303.241
62
35.1241
1.61158
94.395
Object/3.png
1159.27
538.391
62
35.1241
1.61158
94.395
Object/2.png
1486.2
331.95
32.48
33.6407
0
80.7041
Object/2.png
984.54
193.946
32.48
33.6407
0
80.7041
Object/2.png
1366.81
-69.1512
32.48
33.6407
0
80.7041
Object/2.png
1096.76
-371.386
32.48
33.6407
0
80.7041
Object/1.png
1390.76
-273.431
32.48
29.7307
0
81.083
Object/1.png
1071.47
-89.3036
32.48
29.7307
0
81.083
Object/1.png
1353.34
176.674
32.48
29.7307
0
81.083
Object/1.png
1515
689.958
32.48
29.7307
0
81.083
Object/0.png
1499.16
939
33.6799
33.6899
0
81.005
Object/0.png
763.517
1010
33.6799
33.6899
0
81.005
Object/2.png
1004.9
1363
32.48
33.6407
0
80.7041
Object/2.png
1404.32
1177
32.48
33.6407
0
80.7041
Object/1.png
1072.75
1126.24
32.48
29.7307
0
81.083
Object/1.png
1379.75
763.639
32.48
29.7307
0
81.083
Object/1.png
981.75
804.639
32.48
29.7307
0
81.083
Object/1.png
1583.68
56.4105
32.48
29.7307
0
81.083
Object/20.png
1662
220.149
-94
32.5413
-0.564052
31.1105
Object/20.png
886.011
602.354
94
32.5413
-0.564052
31.1105
Object/20.png
1622
1377
94
32.5413
-0.564052
31.1105
Object/20.png
1252.86
962.996
94
32.5413
-0.564052
31.1105
Object/21.png
1071.3
83.6524
58
23.668
0
21.6318
Object/21.png
1395.59
527.545
58
23.668
0
21.6318
Object/21.png
1335
400.834
58
23.668
0
21.6318
Object/27.png
1621
579.597
26
9.35278
-1.41865
12.0811
Object/27.png
1273.32
1385.01
26
9.35278
-1.41865
12.0811
Object/19.png
416.622
1201
512
-14
0.0342276
-60.5319
Object/3.png
1557
-303.241
62
35.1241
1.61158
94.395
Object/3.png
1159.27
538.391
62
35.1241
1.61158
94.395
Object/2.png
1486.2
331.95
32.48
33.6407
0
80.7041
Object/2.png
984.54
193.946
32.48
33.6407
0
80.7041
Object/2.png
1366.81
-69.1512
32.48
33.6407
0
80.7041
Object/2.png
1096.76
-371.386
32.48
33.6407
0
80.7041
Object/1.png
1390.76
-273.431
32.48
29.7307
0
81.083
Object/1.png
1071.47
-89.3036
32.48
29.7307
0
81.083
Object/1.png
1353.34
176.674
32.48
29.7307
0
81.083
Object/1.png
1515
689.958
32.48
29.7307
0
81.083
Object/0.png
1499.16
939
33.6799
33.6899
0
81.005
Object/0.png
763.517
1010
33.6799
33.6899
0
81.005
Object/2.png
1004.9
1363
32.48
33.6407
0
80.7041
Object/2.png
1404.32
1177
32.48
33.6407
0
80.7041
Object/1.png
1072.75
1126.24
32.48
29.7307
0
81.083
Object/1.png
1379.75
763.639
32.48
29.7307
0
81.083
Object/1.png
981.75
804.639
32.48
29.7307
0
81.083
Object/1.png
1583.68
56.4105
32.48
29.7307
0
81.083
Object/20.png
1662
220.149
94
44.5682
-1.40645
29.6556
Object/20.png
886.011
602.354
94
32.5413
-0.564052
31.1105
Object/20.png
1622
1377
94
32.5413
-0.564052
31.1105
Object/20.png
1252.86
962.996
94
32.5413
-0.564052
31.1105
Object/21.png
1071.3
83.6524
58
23.668
0
21.6318
Object/21.png
1395.59
527.545
58
23.668
0
21.6318
Object/21.png
1335
400.834
58
23.668
0
21.6318
Object/27.png
1621
579.597
29.3601
13.98
0
11.9376
Object/27.png
1273.32
1385.01
29.3601
13.98
0
11.9376
Object/20.png
1387.95
-453
94
32.5413
-0.564052
31.1105
Object/20.png
953.945
-545
94
32.5413
-0.564052
31.1105
Object/0.png
274.11
-385.749
33.6799
33.6899
0
81.005
Object/0.png
-447
-286.004
33.6799
33.6899
0
81.005
Object/0.png
-159
-22.4978
33.6799
33.6899
0
81.005
Object/0.png
147
-141.172
33.6799
33.6899
0
81.005
Object/0.png
-409
212.669
33.6799
33.6899
0
81.005
Object/0.png
104
532.579
33.6799
33.6899
0
81.005
Object/0.png
-536
731.004
33.6799
33.6899
0
81.005
Object/0.png
23
1268.19
33.6799
33.6899
0
81.005
Object/0.png
-564
1060.19
33.6799
33.6899
0
81.005
Object/4.png
-56
932.846
58
51.1128
0
86.2444
Object/4.png
134.388
-837
58
51.1128
0
86.2444
Object/3.png
-380
-836
62
35.1241
1.61158
94.395
Object/21.png
-316
-804
58
23.668
0
21.6318
Object/21.png
-18.2354
-801
58
23.668
0
21.6318
Object/21.png
231.958
-740
58
23.668
0
21.6318
Object/21.png
351.958
-823
58
23.668
0
21.6318
Object/27.png
-57.092
-731
26
9.35278
-1.41865
12.0811
Object/1.png
72.1573
-446.55
32.48
29.7307
0
81.083
Object/1.png
-229
-339.7
32.48
29.7307
0
81.083
Object/1.png
-583
-30.6998
32.48
29.7307
0
81.083
Object/1.png
68
160.3
32.48
29.7307
0
81.083
Object/1.png
-201
464.261
32.48
29.7307
0
81.083
Object/1.png
-403
1294.91
32.48
29.7307
0
81.083
Object/2.png
-265
684.414
32.48
33.6407
0
80.7041
Object/2.png
191
327.529
32.48
33.6407
0
80.7041
Object/2.png
-505
431.581
32.48
33.6407
0
80.7041
Object/2.png
-79
257.72
32.48
33.6407
0
80.7041
Object/2.png
-346
-46.8048
32.48
33.6407
0
80.7041
Object/2.png
-567.381
-458.151
32.48
33.6407
0
80.7041
Object/3.png
359.056
-38.8003
62
35.1241
1.61158
94.395
Object/3.png
194
733.173
62
35.1241
1.61158
94.395
Object/3.png
-161
1446
62
35.1241
1.61158
94.395
Object/3.png
-365
858.73
62
35.1241
1.61158
94.395
Object/20.png
-305
1160.17
94
32.5413
-0.564052
31.1105
Object/20.png
-388.367
600.37
94
32.5413
-0.564052
31.1105
Object/20.png
-640.088
174.775
94
32.5413
-0.564052
31.1105
Object/20.png
394.133
-455.756
94
32.5413
-0.564052
31.1105
Object/20.png
-19.8671
-177.756
94
32.5413
-0.564052
31.1105
Object/20.png
-127.875
183.718
94
32.5413
-0.564052
31.1105
Object/21.png
52.1257
735.669
58
23.668
0
21.6318
Object/21.png
-42.6758
437.806
58
23.668
0
21.6318
Object/21.png
237.007
81.8994
58
23.668
0
21.6318
Object/21.png
-334
-498.834
58
23.668
0
21.6318
Object/28.png
417.483
1213
508
18
-1.33881
68.1732
