14
Object/30.png
611
537
100
34
0
30.5025
Object/34.png
678
552
34
32
0.500001
15
Object/34.png
711
552
34
32
0.500001
15
Object/34.png
745
553
34
32
0.500001
15
Object/33.png
817
374
100
100
0
0
Object/33.png
753
375
76
54
0
15.5
Object/32.png
805
523
26
18
0
23.5001
Object/31.png
805
457
26
26
4.50003
34.0017
Object/29.png
233
408
94
62
0.500001
5.50001
Object/29.png
377
410
94
62
0.500001
5.50001
Object/29.png
233
530
94
62
0.500001
5.50001
Object/29.png
377
530
94
62
0.500001
5.50001
Object/34.png
251
250
34
32
0.500001
15
Object/36.png
600
325
81
40
0
20
