60
Object/6.png
77.4173
-262.475
243.165
107.929
0.0980166
21.1137
Object/9.png
121
166.402
156
24.1745
1.42297
66.5808
Object/7.png
-84
167.402
158
46.1745
1.79801
48.1759
Object/8.png
271
82.4021
46
16.1745
0
24.8708
Object/8.png
138
83.4021
46
14.1745
0
21.8149
Object/11.png
767.314
125.828
246.511
65.4
0
30.8098
Object/10.png
442.614
57.7433
34
36
0
47.9012
Object/10.png
584.614
54.7433
34
36
0
47.9012
Object/10.png
583.614
338.743
34
36
0
47.9012
Object/10.png
441.614
339.743
34
36
0
47.9012
Object/10.png
439.197
795
34
36
0
47.9012
Object/10.png
585.197
795
34
36
0
47.9012
Object/16.png
758.332
-239.508
309.336
134.142
12.5375
92.7286
Object/22.png
582.332
-117.508
31.3362
44.1417
0
9.70212
Object/17.png
1102
-224.508
214
122.142
0
80.481
Object/26.png
1099.09
71.4256
33.8213
32.2786
0
0
Object/26.png
809.313
383.372
33.8213
32.2786
0
0
Object/14.png
796.716
536.422
146.385
99.5073
-49.4969
80.4644
Object/15.png
104.612
535.339
277.339
127.672
0
76.4666
Object/18.png
1154
238.723
116
201.684
0
2.56886
Object/20.png
964.224
-154.972
95.5525
89.0709
0
4.2442
Object/4.png
-124
-112.218
61.0771
56.5081
0
84.9278
Object/4.png
350.743
526.921
61.0771
56.5081
0
84.9278
Object/22.png
918
159.388
32
47.9389
0
10.4709
Object/13.png
1050
232.388
62
53.9389
0
4.68145
Object/12.png
1154
339.358
64
96
0
0
Object/4.png
382
-219.253
60
54
0
85.2697
Object/20.png
241
-146.253
94
82
0.700098
4.42589
Object/20.png
503
-147.253
94
86
0
2.66604
Object/23.png
437
640.458
12
-35.0021
1.49185
7.83005
Object/6.png
77.4173
-262.475
243.165
107.929
0.0980166
21.1137
Object/9.png
121
166.402
156
24.1745
1.42297
66.5808
Object/7.png
-84
167.402
158
46.1745
1.79801
48.1759
Object/8.png
271
82.4021
46
16.1745
0
24.8708
Object/8.png
138
83.4021
46
14.1745
0
21.8149
Object/11.png
767.314
125.828
246.511
65.4
0
30.8098
Object/10.png
442.614
57.7433
34
36
0
47.9012
Object/10.png
584.614
54.7433
34
36
0
47.9012
Object/10.png
583.614
338.743
34
36
0
47.9012
Object/10.png
441.614
339.743
34
36
0
47.9012
Object/10.png
439.197
795
34
36
0
47.9012
Object/10.png
585.197
795
34
36
0
47.9012
Object/16.png
758.332
-239.508
309.336
134.142
12.5375
92.7286
Object/22.png
582.332
-117.508
31.3362
44.1417
0
9.70212
Object/17.png
1102
-224.508
214
122.142
0
80.481
Object/26.png
1099.09
71.4256
33.8213
32.2786
0
0
Object/26.png
809.313
383.372
33.8213
32.2786
0
0
Object/14.png
796.716
536.422
146.385
99.5073
-49.4969
80.4644
Object/15.png
104.612
535.339
277.339
127.672
0
76.4666
Object/18.png
1154
238.723
116
201.684
0
2.56886
Object/20.png
964.224
-154.972
95.5525
89.0709
0
4.2442
Object/4.png
-124
-112.218
61.0771
56.5081
0
84.9278
Object/4.png
350.743
526.921
61.0771
56.5081
0
84.9278
Object/22.png
918
159.388
32
47.9389
0
10.4709
Object/13.png
1050
232.388
62
53.9389
0
4.68145
Object/12.png
1154
339.358
64
96
0
0
Object/4.png
382
-219.253
60
54
0
85.2697
Object/20.png
241
-146.253
94
82
0.700098
4.42589
Object/20.png
503
-147.253
94
86
0
2.66604
Object/23.png
437
640.458
30
64.9979
1.49185
13.7654
